0.677241806709
0.829950632491
0.457629543861
0.95237109031
0.665096245933
0.723496207128
0.103002146058
0.71895501847
0.679973225328
0.872362203446
0.615765925885
0.020482233504
0.377366192641
0.0629134803693
0.476969041655
0.900269038074
0.370076624768
0.986210934368
0.536696556817
0.876917695746
0.481311634423
0.76689383153
0.308203157836
0.622931480438
0.273230922082
0.206155736017
0.90121648268
0.472983448172
0.990919776399
0.972039962869
0.351132026105
0.493623594093
0.881654390966
0.70390934078
0.594980500037
0.615492729794
0.855546752183
0.0714278278111
0.0623067251011
0.896906554652
0.987622046754
0.63355694501
0.337189874029
0.685070427298
0.791492344012
0.481041044351
0.549268808308
0.528379784708
0.612805762274
0.411897400761
0.764205186409
0.605147187322
0.876197706478
0.0533706974302
0.835725337064
0.695296381002
0.124096617083
0.74575510458
0.37853829424
0.805360696483
0.648888662459
0.398892148545
0.125407805932
0.55834688366
0.509208980441
0.254916018625
0.880874166342
0.402846695717
0.952564836503
0.56174560031
0.346801295249
0.438078913053
0.753865692985
0.32159028726
0.849748971902
0.710885468489
0.891029764241
0.3598974712
0.206245127953
0.803885916692
0.226826684248
0.0648416678591
0.0328123623855
0.53794330702
0.765218531755
0.0782582925773
0.937510335521
0.084339836447
0.437384478505
0.50348663758
0.118992949335
0.445204127228
0.841892824853
0.0545483777701
0.691669332454
0.466737656524
0.45487520296
0.56524732585
0.854098221049
