0.0236489301557
0.259663204413
0.604276537647
0.197459885778
0.85928979717
0.86976334813
0.407039501303
0.771219939855
0.394541120612
0.502237259059
0.110799235196
0.325381184822
0.679109066041
0.946298237736
0.145013662638
0.0783432134673
0.875450600335
0.542478098647
0.202596186109
0.616177829086
0.456192188991
0.500072887435
0.850242370925
0.814027363741
0.502075833309
0.987851244178
0.422868863091
0.456334170282
0.642371033566
0.210121986771
0.362533148134
0.592206690853
0.829796769939
0.765915137864
0.486016077751
0.574829570413
0.998893415571
0.876554752635
0.0730360584475
0.629564473458
0.655242055461
0.281717601734
0.278437550883
0.926491760673
0.314892293672
0.334396571977
0.580302793609
0.567128578564
0.148147796778
0.703193333901
0.455548291513
0.529504388085
0.98705995205
0.420646073848
0.558722060684
0.926289401893
0.00949915335406
0.0741948075037
0.224039254813
0.588752567073
0.181196309549
0.0799938665964
0.477683705698
0.203671408681
0.219801059124
0.447968549146
0.811416867647
0.913622461313
0.0234913465138
0.193255529529
0.061933645953
0.0957255241181
0.886710506014
0.584477957139
0.462494174953
0.200418072736
0.272511443405
0.676283309845
0.47126920309
0.988365800052
0.988293141486
0.366545958874
0.216577838254
0.0603672337143
0.436656201199
0.525942508085
0.642852354164
0.444414146763
0.931360054401
0.181786822802
0.639574902249
0.208479708257
0.737340296826
0.900603990989
0.0195360559833
0.879169477712
0.703901030271
0.274740012625
0.377122938771
